1245.3098121413843
780.867354226971
521.3001638260614
368.23570092862155
275.35334332783776
217.95371882589043
181.93457970471263
158.95918326992881
144.00944593548465
134.0340531430526
127.165650880356
122.25608839948362
118.59660302573302
115.74793007433387
113.43659322396248
111.49135932378132
109.80419795639511
108.30624625198784
106.95298605388491
105.71508795122311
104.57274654113608
103.5121693166286
102.52339561334007
101.59893795527626
100.73293256087811
99.92060555711639
99.1579353178017
98.44143693011878
97.76802294843883
97.13491199604871
96.5395675396072
95.97965582599961
95.45301610280337
94.9576388084657
94.49164901353903
94.05329338883736
93.64092959824909
93.25301740429393
92.88811102073866
92.54485240285591
92.22196526585931
91.91824968658321
91.63257718563581
91.36388621517769
91.11117799628265
90.87351266273122
90.65000567712183
90.43982449164683
90.2421854306205
90.0563507753988
89.88162603505563
89.71735738832045
89.56292928398982
89.41776218842054
89.28131046986823
89.15306041040431
89.0325283369749
88.91925886387901
88.81282323956627
88.71281779120342
88.61886246094636
88.53059942828841
88.44769181325162
88.36982245553847
88.29669276509016
88.22802163979095
88.16354444633156
88.10301206049617
88.04618996336896
87.99285739017287
87.94280652865257
87.89584176410095
87.8517789683033
87.81044482983425
87.77167622329702
87.73531961523612
87.70123050458842
87.66927289566385
87.63931880176376
87.61124777765657
87.58494647923416
87.56030824877028
87.53723272429421
87.51562547167892
87.49539763812668
87.4764656258081
87.45875078448644
87.44217912202389
87.42668103173355
87.41219103559737
87.39864754243123
87.38599262012801
87.37417178116208
87.36313378058585
87.35283042579218
87.34321639736034
87.33424908034166
87.32588840537899
87.31809669908812
87.31083854316431
87.3040806417064
87.29779169628111
87.29194228827838
87.28650476813361
87.28145315101808
87.27676301862087
87.27241142666985
87.26837681785597
87.26463893984796
87.26117876810197
87.25797843318506
87.25502115235257
87.25229116513005
87.24977367266736
87.2474547806454
87.24532144552869
87.2433614239686
87.24156322517445
87.23991606607869
87.2384098291344
87.2370350225905
87.23578274310175
87.23464464053593
87.2336128848511
87.2326801349217
87.2318395091999
87.23108455810541
87.23040923804214
87.22980788694743
87.22927520128391
87.22880621439013
87.22839627610973
87.22804103362549
87.22773641342697
87.22747860434569
87.2272640415954
87.22708939175882
87.22695153866512
87.22684757010548
87.22677476533904
87.22673058334156
87.22671265175366
87.22671875648761
87.22674683195466
87.22679495187442
87.22686132063514
87.22694426516978
87.22704222731879
87.22715375665132
87.2272775037163
87.22741221370036
87.22755672046621
87.22770994095083
87.22787086990137
87.22803857492904
87.2282121918623
87.22839092038122
87.22857401991699
87.22876080580066
87.22895064564571
87.22914295595187
87.22933719891583
87.22953287943707
87.22972954230764
87.2299267695737
87.23012417806021
87.23032141704765
87.2305181660926
87.23071413298317
87.23090905182106
87.23110268122335
87.23129480263619
87.23148521875389
87.23167375203708
87.23186024332428
87.23204455053053
87.23222654742884
87.23240612250825
87.23258317790514
87.23275762840251
87.23292940049313
87.23309843150348
87.23326466877349
87.23342806888978
87.23358859696908
87.23374622598782
87.233900936156
87.23405271433239
87.23420155347826
87.23434745214752
87.23449041401113
87.2346304474131
87.23476756495701
87.23490178312014
87.23503312189453
87.23516160445224
87.23528725683421
87.23541010766091
87.23553018786284
87.23564753043081
87.23576217018339
87.23587414355184
87.23598348838028
87.23609024374048
87.23619444976065
87.23629614746686
87.23639537863683
87.23649218566447
87.23658661143531
87.23667869921167
87.2367684925269
87.23685603508834
87.23694137068809
87.23702454312176
87.23710559611332
87.23718457324728
87.2372615179065
87.23733647321588
87.23740948199101
87.237480586692
87.23754982938182
87.23761725168869
87.23768289477286
87.23774679929616
87.23780900539637
87.23786955266307
87.23792848011782
87.23798582619614
87.23804162873272
87.23809592494818
87.23814875143854
87.23820014416658
87.23825013845445
87.23829876897926
87.2383460697686
87.23839207419867
87.2384368149932
87.23848032422383
87.23852263331104
87.23856377302687
87.2386037734979
87.23864266420927
87.23868047400956
87.23871723111617
87.23875296312136
87.23878769699891
87.23882145911115
87.23885427521634
87.238886170477
87.23891716946757
87.2389472961834
87.2389765740492
87.2390050259285
87.23903267413216
87.23905954042823
87.2390856460514
87.23911101171231
87.23913565760714
87.23915960342774
87.23918286837072
87.23920547114771
87.23922742999484
87.23924876268231
87.23926948652432
87.23928961838837
87.23930917470504
87.23932817147742
87.23934662429042
87.23936454831993
87.23938195834225
87.23939886874322
87.2394152935268
87.23943124632437
87.23944674040324
87.23946178867511
87.23947640370488
87.23949059771871
87.2395043826122
87.23951776995875
87.23953077101717
87.23954339673953
87.2395556577789
87.23956756449651
87.23957912696969
87.23959035499836
87.23960125811266
87.2396118455794
87.23962212640915
87.23963210936286
87.23964180295796
87.2396512154751
87.23966035496419
87.23966922925047
87.2396778459404
87.23968621242753
87.23969433589811
87.23970222333654
87.23970988153083
87.23971731707793
87.23972453638876
87.23973154569329
87.23973835104542
87.2397449583277
87.2397513732561
87.23975760138444
87.23976364810893
87.23976951867239
87.23977521816843
87.2397807515458
87.23978612361195
87.23979133903744
87.2397964023593
87.23980131798508
87.23980609019604
87.23981072315112
87.23981522089001
87.23981958733661
87.23982382630231
87.23982794148905
87.23983193649245
87.23983581480466
87.23983957981766
87.23984323482546
87.23984678302743
87.23985022753071
87.23985357135287
87.23985681742441
87.23985996859116
87.23986302761692
87.2398659971856
87.2398688799035
87.23987167830164
87.23987439483763
87.2398770318981
87.23987959180059
87.23988207679535
87.23988448906759
87.23988683073917
87.23988910387018
87.2398913104612
87.23989345245468
87.23989553173662
87.23989755013824
87.2398995094377
87.2399014113613
87.23990325758531
87.23990504973715
87.23990678939698
87.23990847809894
87.2399101173326
87.23991170854403
87.23991325313742
87.23991475247583
87.23991620788273
87.23991762064301
87.23991899200412
87.23992032317723
87.23992161533799
87.23992286962796
87.23992408715529
87.2399252689959
87.23992641619432
87.23992752976436
87.23992861069061
87.23992965992866
87.23993067840625
87.23993166702408
87.23993262665643
87.23993355815223
87.23993446233544
87.239935340006
87.23993619194047
87.23993701889273
87.23993782159468
87.23993860075666
87.23993935706834
87.2399400911993
87.23994080379937
87.2399414954995
87.23994216691209
87.23994281863176
87.2399434512357
87.23994406528394
87.23994466132059
87.23994523987338
87.23994580145498
87.23994634656277
87.23994687567979
87.23994738927468
87.23994788780259
87.23994837170527
87.23994884141143
87.23994929733739
87.2399497398873
87.23995016945314
87.2399505864159
87.23995099114494
87.23995138399918
87.23995176532675
87.23995213546583
87.2399524947444
87.23995284348102
87.23995318198493
87.2399535105563
87.23995382948624
87.2399541390578
87.2399544395454
87.23995473121542
87.23995501432657
87.2399552891299
87.2399555558692
87.23995581478093
87.23995606609473
87.23995631003356
87.2399565468137
87.23995677664523
87.23995699973197
87.23995721627186
87.23995742645691
87.2399576304736
87.23995782850287
87.23995802072047
87.23995820729684
87.23995838839754
87.23995856418325
87.23995873480987
87.23995890042885
87.23995906118712
87.2399592172272
87.23995936868764
87.23995951570289
87.23995965840322
87.23995979691533
87.23995993136212
87.23996006186292
87.23996018853344
87.23996031148621
87.23996043083027
87.23996054667145
87.23996065911265
87.2399607682536
87.23996087419117
87.23996097701931
87.23996107682935
87.23996117370982
87.23996126774675
87.2399613590235
87.2399614476212
87.23996153361837
87.23996161709132
87.23996169811427
87.23996177675895
87.2399618530953
87.23996192719103
87.23996199911186
87.23996206892161
87.23996213668237
87.2399622024541
87.23996226629534
87.23996232826258
87.23996238841096
87.23996244679385
87.23996250346305
87.23996255846882
87.23996261185995
87.23996266368398
87.23996271398678
87.23996276281306
87.2399628102061
87.23996285620801
87.23996290085964
87.23996294420058
87.23996298626933
87.2399630271032
87.23996306673851
87.23996310521031
87.23996314255285
87.23996317879926
87.23996321398177
87.23996324813143
87.23996328127876
87.2399633134531
87.23996334468293
87.23996337499605
87.23996340441941
87.23996343297911
87.2399634607004
87.239963487608
87.23996351372578
87.23996353907683
87.23996356368376
87.23996358756844
87.23996361075191
87.23996363325489
87.23996365509731
87.23996367629857
87.23996369687752
87.23996371685234
87.23996373624082
87.23996375506024
87.23996377332718
87.23996379105786
87.23996380826816
87.23996382497319
87.23996384118789
87.23996385692656
87.23996387220329
87.23996388703158
87.23996390142459
87.23996391539514
87.23996392895552
87.23996394211788
87.23996395489385
87.23996396729481
87.23996397933173
87.23996399101533
87.239964002356
87.23996401336366
87.23996402404828
87.23996403441926
87.23996404448579
87.23996405425679
87.239964063741
87.23996407294682
87.23996408188238
87.2399640905556
87.23996409897428
87.23996410714584
87.23996411507753
87.23996412277633
87.23996413024916
87.23996413750261
87.23996414454317
87.23996415137707
87.23996415801034
87.23996416444892
87.23996417069841
87.23996417676459
87.23996418265263
87.2399641883678
87.2399641939152
87.23996419929976
87.23996420452633
87.23996420959944
87.23996421452357
87.23996421930318
87.23996422394248
87.23996422844566
87.23996423281662
87.23996423705924
87.23996424117736
87.23996424517459
87.23996424905444
87.23996425282043
87.23996425647587
87.239964260024
87.23996426346798
87.23996426681084
87.2399642700556
87.2399642732051
87.23996427626219
87.23996427922944
87.23996428210963
87.23996428490533
87.23996428761892
87.23996429025281
87.23996429280942
87.23996429529102
87.23996429769974
87.23996430003774
87.23996430230714
87.23996430450987
87.23996430664796
87.23996430872337
87.23996431073772
87.23996431269303
87.23996431459092
87.23996431643309
87.23996431822115
87.23996431995677
87.23996432164144
87.23996432327667
87.23996432486385
87.23996432640452
87.23996432789987
87.23996432935134
87.23996433076024
87.2399643321277
87.23996433345516
87.23996433474356
87.23996433599417
87.23996433720801
87.23996433838627
87.23996433953
87.23996434064
87.23996434171757
87.23996434276343
87.2399643437786
87.23996434476395
87.23996434572041
87.2399643466488
87.23996434754993
87.23996434842458
87.23996434927358
87.23996435009765
87.23996435089752
87.23996435167392
87.23996435242749
87.23996435315902
87.23996435386906
87.23996435455818
87.23996435522713
87.23996435587648
87.23996435650668
87.23996435711844
87.23996435771222
87.23996435828853
87.23996435884798
87.23996435939102
87.2399643599181
87.23996436042968
87.23996436092625
87.23996436140825
87.23996436187612
87.23996436233026
87.23996436277105
87.23996436319892
87.23996436361419
87.23996436401728
87.23996436440855
87.23996436478832
87.239964365157
87.2399643655148
87.23996436586211
87.2399643661992
87.23996436652642
87.23996436684406
87.23996436715233
87.2399643674516
87.23996436774203
87.23996436802396
87.2399643682976
87.23996436856324
87.23996436882108
87.23996436907133
87.23996436931425
87.23996436955001
87.23996436977889
87.239964370001
87.2399643702166
87.23996437042591
87.23996437062908
87.23996437082626
87.23996437101765
87.23996437120343
87.2399643713837
87.23996437155877
87.23996437172865
87.23996437189355
87.2399643720536
87.23996437220899
87.23996437235978
87.23996437250615
87.23996437264827
87.23996437278615
87.23996437291999
87.23996437304993
87.23996437317605
87.23996437329848
87.23996437341727
87.23996437353263
87.2399643736446
87.23996437375327
87.23996437385871
87.23996437396104
87.23996437406049
87.2399643741569
87.23996437425053
87.23996437434143
87.23996437442963
87.23996437451524
87.2399643745983
87.23996437467899
87.2399643747573
87.2399643748333
87.23996437490707
87.23996437497863
87.23996437504817
87.23996437511563
87.2399643751811
87.23996437524465
87.23996437530631
87.23996437536623
87.23996437542435
87.23996437548077
87.23996437553554
87.23996437558868
87.23996437564027
87.23996437569038
87.23996437573898
87.23996437578614
87.23996437583195
87.23996437587643
87.23996437591951
87.2399643759614
87.23996437600205
87.23996437604153
87.23996437607983
87.23996437611699
87.23996437615304
87.23996437618811
87.23996437622212
87.2399643762551
87.23996437628712
87.23996437631821
87.23996437634841
87.23996437637766
87.23996437640612
87.23996437643372
87.2399643764605
87.23996437648654
87.23996437651172
87.23996437653622
87.23996437656
87.2399643765831
87.2399643766055
87.23996437662724
87.23996437664832
87.23996437666885
87.23996437668868
87.23996437670799
87.23996437672669
87.23996437674495
87.23996437676261
87.23996437677974
87.23996437679635
87.23996437681252
87.23996437682818
87.2399643768434
87.23996437685814
87.23996437687246
87.23996437688638
87.23996437689986
87.23996437691297
87.23996437692567
87.23996437693803
87.23996437695004
87.23996437696164
87.23996437697295
87.23996437698386
87.23996437699451
87.23996437700485
87.23996437701489
87.23996437702462
87.23996437703407
87.2399643770432
87.23996437705213
87.23996437706076
87.23996437706914
87.23996437707724
87.23996437708514
87.23996437709282
87.23996437710025
87.2399643771075
87.23996437711448
87.2399643771213
87.23996437712788
87.23996437713433
87.2399643771405
87.23996437714656
87.2399643771524
87.23996437715813
87.23996437716364
87.23996437716903
87.23996437717418
87.23996437717928
87.23996437718414
87.2399643771889
87.2399643771935
87.23996437719798
87.23996437720236
87.23996437720658
87.23996437721071
87.23996437721463
87.23996437721848
87.23996437722231
87.23996437722589
87.23996437722943
87.23996437723288
87.23996437723619
87.23996437723943
87.23996437724256
87.23996437724561
87.23996437724857
87.23996437725143
87.2399643772542
87.23996437725691
87.23996437725953
87.23996437726205
87.23996437726453
87.23996437726694
87.23996437726927
87.2399643772715
87.23996437727372
87.23996437727585
87.23996437727794
87.23996437727996
87.23996437728185
87.23996437728375
87.23996437728557
87.23996437728736
87.23996437728913
87.2399643772908
87.23996437729241
87.23996437729399
87.23996437729554
87.23996437729701
87.23996437729848
87.23996437729988
87.23996437730125
87.23996437730254
87.23996437730382
87.23996437730507
87.23996437730626
87.23996437730742
87.23996437730861
87.23996437730969
87.2399643773108
87.23996437731182
87.23996437731282
87.23996437731383
87.23996437731476
87.23996437731566
87.23996437731658
87.23996437731742
87.2399643773183
87.23996437731913
87.23996437731988
87.23996437732067
87.23996437732146
87.23996437732215
87.23996437732285
87.23996437732357
87.23996437732421
87.23996437732488
87.23996437732548
87.23996437732612
87.23996437732669
87.23996437732727
87.23996437732782
87.23996437732838
87.23996437732889
87.23996437732941
87.2399643773299
87.23996437733031
87.23996437733082
87.23996437733135
87.23996437733173
87.23996437733217
87.2399643773326
87.23996437733297
87.23996437733335
87.23996437733372
87.2399643773341
87.23996437733442
87.23996437733477
87.23996437733513
87.23996437733547
87.2399643773358
87.23996437733608
87.23996437733638
87.23996437733669
87.23996437733692
87.2399643773372
87.2399643773375
87.23996437733774
87.239964377338
87.23996437733824
87.23996437733847
87.2399643773387
87.2399643773389
87.23996437733913
87.23996437733933
87.23996437733953
87.23996437733972
87.23996437733993
87.2399643773401
87.23996437734031
87.23996437734047
87.23996437734067
87.23996437734083
87.239964377341
87.23996437734112
87.2399643773413
87.23996437734142
87.23996437734156
87.2399643773417
87.23996437734183
87.23996437734195
87.23996437734208
87.23996437734222
87.2399643773423
87.23996437734243
87.23996437734253
87.23996437734264
87.23996437734274
87.23996437734287
87.23996437734296
87.23996437734307
87.23996437734313
87.23996437734324
87.2399643773433
87.23996437734341
87.2399643773435
87.23996437734358
87.23996437734364
87.23996437734374
87.2399643773438
87.2399643773439
87.23996437734397
87.23996437734404
87.2399643773441
87.23996437734418
87.23996437734421
87.23996437734426
87.23996437734432
87.23996437734438
87.23996437734442
87.23996437734448
87.23996437734455
87.2399643773446
87.23996437734465
87.23996437734469
87.23996437734472
87.23996437734476
87.23996437734482
87.23996437734482
87.23996437734489
87.23996437734499
87.23996437734503
87.23996437734503
87.23996437734505
87.2399643773451
87.23996437734512
87.23996437734513
87.23996437734517
87.23996437734517
87.23996437734523
87.23996437734526
87.23996437734529
87.23996437734532
87.23996437734536
87.2399643773454
87.2399643773454
87.23996437734544
87.23996437734544
87.23996437734547
87.2399643773455
87.23996437734549
87.23996437734552
87.23996437734556
87.2399643773456
87.2399643773456
87.23996437734561
87.23996437734561
87.23996437734563
87.23996437734566
87.23996437734566
87.23996437734567
87.23996437734573
87.23996437734573
87.2399643773457
87.23996437734573
87.23996437734579
87.23996437734579
87.2399643773458
87.23996437734579
87.23996437734583
87.23996437734579
87.23996437734579
87.23996437734584
87.23996437734586
87.23996437734584
87.23996437734588
87.23996437734588
87.23996437734588
87.23996437734591
87.2399643773459
87.23996437734594
87.23996437734593
87.23996437734593
87.23996437734594
87.23996437734596
87.23996437734597
87.23996437734596
87.23996437734596
87.239964377346
87.23996437734597
87.23996437734603
87.239964377346
87.23996437734597
87.23996437734604
87.23996437734603
87.23996437734603
87.23996437734604
87.23996437734604
87.23996437734604
87.23996437734606
87.23996437734606
87.23996437734607
87.23996437734607
87.23996437734607
87.23996437734608
87.23996437734608
87.23996437734608
87.23996437734611
87.23996437734611
87.23996437734607
87.23996437734613
87.23996437734611
87.23996437734608
87.23996437734608
87.23996437734613
87.23996437734608
87.23996437734608
87.23996437734613
87.23996437734613
87.23996437734614
87.23996437734608
87.23996437734611
87.23996437734613
87.23996437734614
87.23996437734614
87.23996437734614
87.23996437734614
87.23996437734615
87.23996437734617
87.23996437734615
87.23996437734614
87.23996437734614
87.23996437734617
87.2399643773462
87.23996437734618
87.23996437734617
87.23996437734615
87.23996437734617
87.23996437734615
87.23996437734614
87.23996437734615
87.23996437734614
87.23996437734618
87.23996437734618
87.23996437734617
87.23996437734618
87.23996437734615
87.23996437734618
87.23996437734615
87.23996437734615
87.23996437734614
87.23996437734618
87.23996437734617
87.2399643773462
87.2399643773462
87.23996437734618
87.2399643773462
87.23996437734615
87.23996437734615
87.23996437734615
87.23996437734617
87.23996437734615
87.23996437734617
87.23996437734615
87.23996437734618
87.23996437734618
87.23996437734618
87.23996437734618
87.23996437734618
87.23996437734623
87.23996437734623
87.23996437734623
87.23996437734623
87.23996437734623
87.23996437734623
87.23996437734623
87.23996437734623
87.23996437734623
87.23996437734623
87.23996437734623
87.23996437734623
87.23996437734623
87.23996437734623
87.23996437734623
87.23996437734623
87.23996437734623
87.23996437734623
87.23996437734623
87.23996437734623
87.23996437734623
87.23996437734623
87.23996437734623
87.23996437734623
87.23996437734623
87.23996437734623
87.23996437734623
87.23996437734623
87.23996437734623
87.23996437734623
87.23996437734623
87.23996437734623
87.23996437734623
87.23996437734623
87.23996437734623
87.23996437734623
87.23996437734623
87.23996437734623
87.23996437734623
87.23996437734623
87.23996437734623
87.23996437734623
87.23996437734623
87.23996437734623
87.23996437734623
87.23996437734623
87.23996437734623
87.23996437734623
87.23996437734623
87.23996437734623
87.23996437734623
87.23996437734623
87.23996437734623
87.23996437734623
87.23996437734623
87.23996437734623
87.23996437734623
87.23996437734623
87.23996437734623
87.23996437734623
87.23996437734623
87.23996437734623
87.23996437734623
87.23996437734623
87.23996437734623
87.23996437734623
87.23996437734623
87.23996437734623
87.23996437734623
87.23996437734623
87.23996437734623
87.23996437734623
87.23996437734623
87.23996437734623
87.23996437734623
87.23996437734623
87.23996437734623
87.23996437734623
87.23996437734623
87.23996437734623
87.23996437734623
87.23996437734623
87.23996437734623
87.23996437734623
87.23996437734623
87.23996437734623
87.23996437734623
87.23996437734623
87.23996437734623
87.23996437734623
87.23996437734623
87.23996437734623
87.23996437734623
87.23996437734623
87.23996437734623
87.23996437734623
87.23996437734623
87.23996437734623
87.23996437734623
87.23996437734623
87.23996437734623
87.23996437734623
87.23996437734623
87.23996437734623
87.23996437734623
87.23996437734623
87.23996437734623
87.23996437734623
87.23996437734623
87.23996437734623
87.23996437734623
87.23996437734623
87.23996437734623
87.23996437734623
87.23996437734623
87.23996437734623
87.23996437734623
87.23996437734623
87.23996437734623
87.23996437734623
87.23996437734623
87.23996437734623
87.23996437734623
87.23996437734623
87.23996437734623
87.23996437734623
87.23996437734623
87.23996437734623
87.23996437734623
87.23996437734623
87.23996437734623
87.23996437734623
87.23996437734623
87.23996437734623
87.23996437734623
87.23996437734623
87.23996437734623
87.23996437734623
87.23996437734623
87.23996437734623
87.23996437734623
87.23996437734623
87.23996437734623
87.23996437734623
87.23996437734623
87.23996437734623
87.23996437734623
87.23996437734623
87.23996437734623
87.23996437734623
87.23996437734623
87.23996437734623
87.23996437734623
87.23996437734623
87.23996437734623
87.23996437734623
87.23996437734623
87.23996437734623
87.23996437734623
87.23996437734623
87.23996437734623
87.23996437734623
87.23996437734623
87.23996437734623
87.23996437734623
87.23996437734623
87.23996437734623
87.23996437734623
87.23996437734623
87.23996437734623
87.23996437734623
87.23996437734623
87.23996437734623
87.23996437734623
87.23996437734623
87.23996437734623
87.23996437734623
87.23996437734623
87.23996437734623
87.23996437734623
87.23996437734623
87.23996437734623
87.23996437734623
87.23996437734623
87.23996437734623
87.23996437734623
87.23996437734623
87.23996437734623
87.23996437734623
87.23996437734623
87.23996437734623
87.23996437734623
87.23996437734623
87.23996437734623
87.23996437734623
87.23996437734623
87.23996437734623
87.23996437734623
87.23996437734623
87.23996437734623
87.23996437734623
87.23996437734623
87.23996437734623
87.23996437734623
87.23996437734623
87.23996437734623
87.23996437734623
87.23996437734623
87.23996437734623
87.23996437734623
87.23996437734623
87.23996437734623
87.23996437734623
87.23996437734623
87.23996437734623
87.23996437734623
87.23996437734623
87.23996437734623
87.23996437734623
87.23996437734623
87.23996437734623
87.23996437734623
87.23996437734623
87.23996437734623
87.23996437734623
87.23996437734623
87.23996437734623
87.23996437734623
87.23996437734623
87.23996437734623
87.23996437734623
87.23996437734623
87.23996437734623
87.23996437734623
87.23996437734623
87.23996437734623
87.23996437734623
87.23996437734623
87.23996437734623
87.23996437734623
87.23996437734623
87.23996437734623
87.23996437734623
87.23996437734623
87.23996437734623
87.23996437734623
87.23996437734623
87.23996437734623
87.23996437734623
87.23996437734623
87.23996437734623
87.23996437734623
87.23996437734623
87.23996437734623
87.23996437734623
87.23996437734623
87.23996437734623
87.23996437734623
87.23996437734623
87.23996437734623
87.23996437734623
87.23996437734623
87.23996437734623
87.23996437734623
87.23996437734623
87.23996437734623
87.23996437734623
87.23996437734623
87.23996437734623
87.23996437734623
87.23996437734623
87.23996437734623
87.23996437734623
87.23996437734623
87.23996437734623
87.23996437734623
87.23996437734623
87.23996437734623
87.23996437734623
87.23996437734623
87.23996437734623
87.23996437734623
87.23996437734623
87.23996437734623
87.23996437734623
87.23996437734623
87.23996437734623
87.23996437734623
87.23996437734623
87.23996437734623
87.23996437734623
87.23996437734623
87.23996437734623
87.23996437734623
87.23996437734623
87.23996437734623
87.23996437734623
87.23996437734623
87.23996437734623
87.23996437734623
87.23996437734623
87.23996437734623
87.23996437734623
87.23996437734623
87.23996437734623
87.23996437734623
87.23996437734623
87.23996437734623
87.23996437734623
87.23996437734623
87.23996437734623
87.23996437734623
87.23996437734623
87.23996437734623
87.23996437734623
87.23996437734623
87.23996437734623
87.23996437734623
87.23996437734623
87.23996437734623
87.23996437734623
87.23996437734623
87.23996437734623
87.23996437734623
87.23996437734623
87.23996437734623
87.23996437734623
87.23996437734623
87.23996437734623
87.23996437734623
87.23996437734623
87.23996437734623
87.23996437734623
87.23996437734623
87.23996437734623
87.23996437734623
87.23996437734623
87.23996437734623
87.23996437734623
87.23996437734623
87.23996437734623
87.23996437734623
87.23996437734623
87.23996437734623
87.23996437734623
87.23996437734623
87.23996437734623
87.23996437734623
87.23996437734623
87.23996437734623
87.23996437734623
87.23996437734623
87.23996437734623
87.23996437734623
87.23996437734623
87.23996437734623
87.23996437734623
87.23996437734623
87.23996437734623
87.23996437734623
87.23996437734623
87.23996437734623
87.23996437734623
87.23996437734623
87.23996437734623
87.23996437734623
87.23996437734623
87.23996437734623
87.23996437734623
87.23996437734623
87.23996437734623
87.23996437734623
87.23996437734623
87.23996437734623
87.23996437734623
87.23996437734623
87.23996437734623
87.23996437734623
87.23996437734623
87.23996437734623
87.23996437734623
87.23996437734623
87.23996437734623
87.23996437734623
87.23996437734623
87.23996437734623
87.23996437734623
87.23996437734623
87.23996437734623
87.23996437734623
87.23996437734623
87.23996437734623
87.23996437734623
87.23996437734623
87.23996437734623
87.23996437734623
87.23996437734623
87.23996437734623
87.23996437734623
87.23996437734623
87.23996437734623
87.23996437734623
87.23996437734623
87.23996437734623
87.23996437734623
87.23996437734623
87.23996437734623
87.23996437734623
87.23996437734623
87.23996437734623
87.23996437734623
87.23996437734623
87.23996437734623
87.23996437734623
87.23996437734623
87.23996437734623
87.23996437734623
87.23996437734623
87.23996437734623
87.23996437734623
87.23996437734623
87.23996437734623
87.23996437734623
87.23996437734623
87.23996437734623
87.23996437734623
87.23996437734623
87.23996437734623
87.23996437734623
87.23996437734623
87.23996437734623
87.23996437734623
87.23996437734623
87.23996437734623
87.23996437734623
87.23996437734623
87.23996437734623
87.23996437734623
87.23996437734623
87.23996437734623
87.23996437734623
87.23996437734623
87.23996437734623
87.23996437734623
87.23996437734623
87.23996437734623
87.23996437734623
87.23996437734623
87.23996437734623
87.23996437734623
87.23996437734623
87.23996437734623
87.23996437734623
87.23996437734623
87.23996437734623
87.23996437734623
87.23996437734623
87.23996437734623
87.23996437734623
87.23996437734623
87.23996437734623
87.23996437734623
87.23996437734623
87.23996437734623
87.23996437734623
87.23996437734623
87.23996437734623
87.23996437734623
87.23996437734623
87.23996437734623
87.23996437734623
87.23996437734623
87.23996437734623
87.23996437734623
87.23996437734623
87.23996437734623
87.23996437734623
87.23996437734623
87.23996437734623
87.23996437734623
87.23996437734623
87.23996437734623
87.23996437734623
87.23996437734623
87.23996437734623
87.23996437734623
87.23996437734623
87.23996437734623
87.23996437734623
87.23996437734623
87.23996437734623
87.23996437734623
87.23996437734623
87.23996437734623
87.23996437734623
87.23996437734623
87.23996437734623
87.23996437734623
87.23996437734623
87.23996437734623
87.23996437734623
87.23996437734623
87.23996437734623
87.23996437734623
87.23996437734623
87.23996437734623
87.23996437734623
87.23996437734623
87.23996437734623
87.23996437734623
87.23996437734623
87.23996437734623
87.23996437734623
87.23996437734623
87.23996437734623
87.23996437734623
87.23996437734623
87.23996437734623
87.23996437734623
87.23996437734623
87.23996437734623
87.23996437734623
87.23996437734623
87.23996437734623
87.23996437734623
87.23996437734623
87.23996437734623
87.23996437734623
87.23996437734623
87.23996437734623
87.23996437734623
87.23996437734623
87.23996437734623
87.23996437734623
87.23996437734623
87.23996437734623
87.23996437734623
87.23996437734623
87.23996437734623
87.23996437734623
87.23996437734623
87.23996437734623
87.23996437734623
87.23996437734623
87.23996437734623
87.23996437734623
87.23996437734623
87.23996437734623
87.23996437734623
87.23996437734623
87.23996437734623
87.23996437734623
87.23996437734623
87.23996437734623
87.23996437734623
87.23996437734623
87.23996437734623
87.23996437734623
87.23996437734623
87.23996437734623
87.23996437734623
87.23996437734623
87.23996437734623
87.23996437734623
87.23996437734623
87.23996437734623
87.23996437734623
87.23996437734623
87.23996437734623
87.23996437734623
87.23996437734623
87.23996437734623
87.23996437734623
87.23996437734623
87.23996437734623
87.23996437734623
87.23996437734623
87.23996437734623
87.23996437734623
87.23996437734623
87.23996437734623
87.23996437734623
87.23996437734623
87.23996437734623
87.23996437734623
87.23996437734623
87.23996437734623
87.23996437734623
87.23996437734623
87.23996437734623
87.23996437734623
87.23996437734623
87.23996437734623
87.23996437734623
87.23996437734623
87.23996437734623
87.23996437734623
87.23996437734623
87.23996437734623
87.23996437734623
87.23996437734623
87.23996437734623
87.23996437734623
87.23996437734623
87.23996437734623
87.23996437734623
87.23996437734623
87.23996437734623
87.23996437734623
87.23996437734623
87.23996437734623
87.23996437734623
87.23996437734623
87.23996437734623
87.23996437734623
87.23996437734623
87.23996437734623
87.23996437734623
87.23996437734623
87.23996437734623
87.23996437734623
87.23996437734623
87.23996437734623
87.23996437734623
87.23996437734623
87.23996437734623
87.23996437734623
87.23996437734623
87.23996437734623
87.23996437734623
87.23996437734623
87.23996437734623
87.23996437734623
87.23996437734623
87.23996437734623
87.23996437734623
87.23996437734623
87.23996437734623
87.23996437734623
87.23996437734623
87.23996437734623
87.23996437734623
87.23996437734623
87.23996437734623
87.23996437734623
87.23996437734623
87.23996437734623
87.23996437734623
87.23996437734623
87.23996437734623
87.23996437734623
87.23996437734623
87.23996437734623
87.23996437734623
87.23996437734623
87.23996437734623
87.23996437734623
87.23996437734623
87.23996437734623
87.23996437734623
87.23996437734623
87.23996437734623
87.23996437734623
87.23996437734623
87.23996437734623
87.23996437734623
87.23996437734623
87.23996437734623
87.23996437734623
87.23996437734623
87.23996437734623
87.23996437734623
87.23996437734623
87.23996437734623
87.23996437734623
87.23996437734623
87.23996437734623
87.23996437734623
87.23996437734623
87.23996437734623
87.23996437734623
87.23996437734623
87.23996437734623
87.23996437734623
87.23996437734623
87.23996437734623
87.23996437734623
87.23996437734623
87.23996437734623
87.23996437734623
87.23996437734623
87.23996437734623
87.23996437734623
87.23996437734623
87.23996437734623
87.23996437734623
87.23996437734623
87.23996437734623
87.23996437734623
87.23996437734623
87.23996437734623
87.23996437734623
87.23996437734623
87.23996437734623
87.23996437734623
87.23996437734623
87.23996437734623
87.23996437734623
87.23996437734623
87.23996437734623
87.23996437734623
87.23996437734623
87.23996437734623
87.23996437734623
87.23996437734623
87.23996437734623
87.23996437734623
87.23996437734623
87.23996437734623
87.23996437734623
87.23996437734623
87.23996437734623
87.23996437734623
87.23996437734623
87.23996437734623
87.23996437734623
87.23996437734623
87.23996437734623
87.23996437734623
87.23996437734623
87.23996437734623
87.23996437734623
87.23996437734623
87.23996437734623
87.23996437734623
87.23996437734623
87.23996437734623
87.23996437734623
87.23996437734623
87.23996437734623
87.23996437734623
87.23996437734623
87.23996437734623
87.23996437734623
87.23996437734623
87.23996437734623
87.23996437734623
87.23996437734623
87.23996437734623
87.23996437734623
87.23996437734623
87.23996437734623
87.23996437734623
87.23996437734623
87.23996437734623
87.23996437734623
87.23996437734623
87.23996437734623
87.23996437734623
87.23996437734623
87.23996437734623
87.23996437734623
87.23996437734623
87.23996437734623
87.23996437734623
87.23996437734623
87.23996437734623
87.23996437734623
87.23996437734623
87.23996437734623
87.23996437734623
87.23996437734623
87.23996437734623
87.23996437734623
87.23996437734623
87.23996437734623
87.23996437734623
87.23996437734623
87.23996437734623
87.23996437734623
87.23996437734623
87.23996437734623
87.23996437734623
87.23996437734623
87.23996437734623
87.23996437734623
87.23996437734623
87.23996437734623
87.23996437734623
87.23996437734623
87.23996437734623
87.23996437734623
87.23996437734623
87.23996437734623
87.23996437734623
87.23996437734623
87.23996437734623
87.23996437734623
87.23996437734623
87.23996437734623
87.23996437734623
87.23996437734623
87.23996437734623
87.23996437734623
87.23996437734623
87.23996437734623
87.23996437734623
87.23996437734623
87.23996437734623
87.23996437734623
87.23996437734623
87.23996437734623
87.23996437734623
87.23996437734623
87.23996437734623
87.23996437734623
87.23996437734623
87.23996437734623
87.23996437734623
87.23996437734623
87.23996437734623
87.23996437734623
87.23996437734623
87.23996437734623
87.23996437734623
87.23996437734623
87.23996437734623
87.23996437734623
87.23996437734623
87.23996437734623
87.23996437734623
87.23996437734623
87.23996437734623
87.23996437734623
87.23996437734623
87.23996437734623
87.23996437734623
87.23996437734623
87.23996437734623
87.23996437734623
87.23996437734623
87.23996437734623
87.23996437734623
87.23996437734623
87.23996437734623
87.23996437734623
87.23996437734623
87.23996437734623
87.23996437734623
87.23996437734623
87.23996437734623
87.23996437734623
87.23996437734623
87.23996437734623
87.23996437734623
87.23996437734623
87.23996437734623
87.23996437734623
87.23996437734623
87.23996437734623
87.23996437734623
87.23996437734623
87.23996437734623
87.23996437734623
87.23996437734623
87.23996437734623
87.23996437734623
87.23996437734623
87.23996437734623
87.23996437734623
87.23996437734623
87.23996437734623
87.23996437734623
87.23996437734623
87.23996437734623
87.23996437734623
87.23996437734623
87.23996437734623
87.23996437734623
87.23996437734623
87.23996437734623
87.23996437734623
87.23996437734623
87.23996437734623
87.23996437734623
87.23996437734623
87.23996437734623
87.23996437734623
87.23996437734623
87.23996437734623
87.23996437734623
87.23996437734623
87.23996437734623
87.23996437734623
87.23996437734623
87.23996437734623
87.23996437734623
87.23996437734623
87.23996437734623
87.23996437734623
87.23996437734623
87.23996437734623
87.23996437734623
87.23996437734623
87.23996437734623
87.23996437734623
87.23996437734623
87.23996437734623
87.23996437734623
87.23996437734623
87.23996437734623
87.23996437734623
87.23996437734623
87.23996437734623
87.23996437734623
87.23996437734623
87.23996437734623
87.23996437734623
87.23996437734623
87.23996437734623
87.23996437734623
87.23996437734623
87.23996437734623
