1840.54073375274
1658.3763855164766
1477.3935450495887
1303.4337446519366
1141.8208941920452
996.5453505437047
869.8107001788368
762.0392892381029
672.2346000215003
598.4992306438963
538.5276872083682
489.97521302413315
450.6825243628731
418.78170629815975
392.7223271237958
371.25263933283026
353.38050483617855
338.3289011560806
325.4937374026277
314.4072624345194
304.7078907637482
296.1160779582324
288.41540310488966
281.43791352961364
275.05285498573323
269.1580413285429
263.6732585311188
258.5352258607852
253.69374442795566
249.10874958028003
244.74805111854337
240.58559729838973
236.60013823262412
232.77419437954282
229.09325854135727
225.54517697273587
222.11966817636653
218.8079477774419
215.60243530482188
212.4965243515146
209.48440188201292
206.56090572947798
203.72141182967985
200.9617446571981
198.27810580281644
195.66701676505863
193.1252729033886
190.6499061763965
188.2381548114481
185.88743845794724
183.59533769144304
181.3595769809003
179.17801042235834
177.04860969111832
174.96945378089544
172.9387201893248
170.95467728041282
169.01567761035145
167.12015204692722
165.2666045471929
163.4536074851694
161.67979744270772
159.9438713934977
158.24458322354653
156.58074054200875
154.9512017446381
153.35487329880394
151.79070722434113
150.25769874876377
148.75488411879806
147.28133855294914
145.83617432205133
144.41853894656978
143.02761350091095
141.66261101621976
140.32277497415856
139.0073778850039
137.7157199441107
136.44712776138914
135.20095315895452
133.9765720325485
132.77338327271067
131.59080774201223
130.42828730495597
129.28528390740377
128.16127870262636
127.05577122127438
125.96827858275908
124.89833474569653
123.84548979522997
122.80930926517989
121.78937349310465
120.78527700647408
119.79662793826904
118.82304747042068
117.86416930360146
116.91963915196587
115.98911426152281
115.07226295089872
114.16876417332209
113.27830709872661
112.40059071493472
111.53532344694236
110.68222279337944
109.84101497927425
109.01143462429796
108.19322442571118
107.38613485527883
106.58992386945697
105.80435663219751
105.02920524974886
104.2642485168664
103.50927167387674
102.7640661740716
102.02842946093348
101.30216475472194
100.5850808479755
99.87699190950654
99.17771729648852
98.48708137425699
97.80491334346429
97.13104707424783
96.46532094708705
95.80757770004327
95.15766428209163
94.5154317122673
93.8807349443646
93.25343273693909
92.63338752837613
92.02046531680092
91.41453554461565
90.81547098746053
90.2231476474057
89.63744465018944
89.05824414632772
88.4854312159291
87.9188937770552
87.35852249747693
86.80421070968188
86.25585432899608
85.71335177468949
85.176603893941
84.64551388854373
84.11998724423832
83.59993166256558
83.0852569951359
82.57587518021695
82.07170018154649
81.5726479292798
81.07863626298672
80.58958487661742
80.10541526535785
79.6260506743
79.15141604885761
78.68143798685719
78.21604469224003
77.7551659303138
77.29873298449232
76.84667861446792
76.39893701576193
75.9554437805994
75.51613586006053
75.08095152745861
74.64983034290029
74.2227131189832
73.79954188758941
73.38025986773418
72.9648114344313
72.55314208853805
72.14519842754426
71.74092811727085
71.34027986444634
70.94320339012805
70.54964940394032
70.15956957909816
69.7729165281908
69.3896437796973
69.00970575520866
68.63305774733239
68.2596558982555
67.88945717894305
67.52241936895095
67.158501036832
66.79766152111368
66.43986091183085
66.08506003259198
65.73322042316305
65.3843043225505
65.03827465256732
64.69509500186615
64.35472961042389
64.01714335446286
63.68230173179519
63.350170847574795
63.0207174004458
62.693908669073416
62.36971249904503
62.04809729013062
61.72903198388929
61.412486051613186
61.09842948259608
60.786832772718114
60.47766691333538
60.17090338046593
59.866514124262395
59.56447155876263
59.26474855190996
58.96731841583412
58.67215489738606
58.379232168917405
58.08852481929908
57.80000784516978
57.51365664240906
57.22944699782783
56.947355081069304
56.667357436714575
56.38943097658716
56.11355297224993
55.83970104768934
55.56785317218098
55.29798765333203
55.03008313029451
54.764118567145104
54.500073246426766
54.23792676284676
53.977659017127834
53.719250210007125
53.46268083637928
53.20793167957965
52.95498380580322
52.703818558656174
52.45441755383556
52.206762673934705
51.960836063369484
51.71662012342332
51.47409750740705
51.23325111593048
50.99406409228343
50.75651981792188
50.52060190805774
50.28629420734893
50.0535807856866
49.82244593407798
49.59287416062149
49.364850186571616
49.13835894249221
48.9133855644945
48.68991539055863
48.46793395693614
48.24742699463154
48.0283804259603
47.810780361182324
47.59461309520801
47.37986510437567
47.16652304329813
46.95457374177676
46.74400420178184
46.534801594496706
46.32695325742461
46.120446691556474
45.91526955859878
45.71140967825857
45.50885502558565
45.30759372837001
45.1076140645929
44.90890445993062
44.71145348530938
44.51524985451044
44.320282421823926
44.12654017975036
43.934012256748545
43.7426879150291
43.552556548392126
43.36360768010803
43.17583096084095
42.989216166613176
42.80375319680961
42.61943207222226
42.43624293313242
42.25417603743075
42.073221758773975
41.893370584777244
41.71461311524178
41.53694006041643
41.36034223929259
41.18481057793217
41.01033610782701
40.836909964289795
40.66452338487495
40.493167707830466
40.3228343705773
40.153514908218526
39.98520095207573
39.8178842282528
39.65155655622626
39.486209847461865
39.3218361040564
39.15842741740449
38.99597596688987
38.83447401860061
38.67391392406716
38.51428811902379
38.3555891221922
38.19780953408678
38.04094203584159
37.88497938805796
37.7299144296728
37.57574007684702
37.42244932187318
37.27003523210296
37.11849094889305
36.967809686569446
36.817984731410164
36.669009440645105
36.52087724147382
36.373581630099565
36.22711617078058
36.081474494897286
35.936650300035275
35.79263734908456
35.649429469353144
35.50702055169649
35.365404549661136
35.22457547864288
35.084527415058936
34.94525449553403
34.80675091610005
34.66901093140887
34.53202885395827
34.395799053330464
34.26031595544332
34.125574041813785
33.991567848833185
33.85829196705446
33.725741040491044
33.5939097659267
33.46279289223699
33.33238521972114
33.20268159944494
33.07367693259403
32.94536616983734
32.817744310700945
32.69080640295134
32.564547541988965
32.4389628702508
32.31404757662264
32.18979689586033
32.06620610802015
31.943270537897867
31.82098555447667
31.699346570383447
31.57834904135355
31.45798846570361
31.338260383812514
31.2191603776104
31.100684070074973
30.982827124736044
30.86558524518707
30.74895417460427
30.632929695272853
30.5175076281204
30.402683832257214
30.28845420452353
30.17481467904305
30.061761226783826
29.9492898551249
29.837396607429582
29.726077562625182
29.615328834788617
29.505146572737832
29.39552695962991
29.286466212564047
29.177960582191126
29.07000635232817
28.962599839578864
28.855737392959394
28.74941539352927
28.64363025402786
28.538378418515713
28.43365636202135
28.32946059019258
28.225787638953154
28.122634074163777
28.019996491288236
27.917871515064153
27.816255799177885
27.715146025944623
27.614538905992287
27.514431177949994
27.414819608141197
27.315700990280096
27.21707214517333
27.11892992042479
27.021271190145164
26.924092854664647
26.827391840250264
26.73116509882672
26.635409607700858
26.540122369289993
26.445300410853786
26.35094078422975
26.2570405655722
26.163596855094795
26.070606776816337
25.978067478309914
25.88597613045547
25.794329927195626
25.70312608529444
25.61236184409966
25.522034465307748
25.43214123273225
25.342679452074893
25.253646450699865
25.165039577410806
25.076856202230637
24.989093716184648
24.901749531085592
24.814821079322364
24.72830581365049
24.642201206986293
24.556504752202397
24.47121396192699
24.386326368345006
24.301839523001806
24.217750996609453
24.134058378855315
24.05075927821328
23.967851321756818
23.88533215497488
23.803199441589815
23.721450863377466
23.640084119989613
23.559096928778697
23.478487024624194
23.398252159761768
23.31839010361395
23.238898642623308
23.159775580087143
23.081018735994604
23.00262594686568
22.924595065591806
22.846923961278986
22.769610519092083
22.69265264010142
22.616048241131125
22.539795254609224
22.46389162841956
22.388335325755236
22.313124324974204
22.238256619456042
22.16373021746097
22.0895431419898
22.015693430646454
21.94217913550108
21.868998322955466
21.796149073609744
21.723629482130548
21.65143765712102
21.579571720991765
21.50802980983402
21.436810073293373
21.365910674445875
21.29532978967475
21.225065608548928
21.15511633370306
21.085480180718378
21.01615537800555
20.947140166688182
20.878432800488234
20.810031545612183
20.74193468063897
20.67414049640885
20.606647295913483
20.539453394187383
20.472557118200534
20.405956806752155
20.33965081036562
20.273637491184562
20.207915222870117
20.142482390499307
20.077337390464407
20.012478630373664
19.947904528952815
19.883613515947793
19.819604032028625
19.755874528694022
19.692423468177292
19.62924932335321
19.566350577645746
19.503725724936988
19.441373269476873
19.37929172579383
19.317479618606733
19.255935482737122
19.194657863023206
19.13364531423395
19.072896400984664
19.012409697653162
18.952183788296832
18.892217266570775
18.832508735646496
18.773056808131688
18.71386010599079
18.65491726046622
18.59622691200062
18.537787710159822
18.479598313556494
18.421657389774815
18.363963615295766
18.30651567542324
18.249312264210676
18.192352084388848
18.135633847294173
18.079156272797594
18.022918089234516
17.96691803333517
17.91115485015586
17.855627293010638
17.800334123404205
17.74527411096473
17.690446033378077
17.63584867632212
17.581480833402072
17.527341306086196
17.47342890364263
17.41974244307599
17.366280749065503
17.313042653903178
17.260026997432753
17.207232626989402
17.154658397339634
17.102303170622267
17.050165816289528
16.998245211049028
16.946540238806218
16.89504979060739
16.84377276458316
16.792708065892693
16.741854606668202
16.69121130596013
16.640777089683095
16.590550890561687
16.540531648077472
16.490718308416294
16.44110982441585
16.39170515551394
16.342503267697243
16.293503133450677
16.244703731706807
16.196104047796133
16.147703073397928
16.099499806491078
16.05149325130583
16.00368241827557
15.956066323989633
15.908643991145913
15.861414448504418
15.814376730840838
15.767529878901085
15.720872939355464
15.674404964754235
15.628125013482682
15.582032149717245
15.536125443381708
15.490403970103788
15.444866811172433
15.399513053495157
15.354341789555823
15.309352117373203
15.26454314045925
15.219913967778238
15.175463713706264
15.131191497990837
15.087096445710978
15.04317768723771
14.999434358194991
14.955865599420756
14.912470556928492
14.869248381868967
14.826198230492722
14.783319264112297
14.740610649065333
14.698071556677698
14.655701163227018
14.613498649906466
14.571463202789024
14.529594012792023
14.487890275641757
14.446351191838806
14.404975966623317
14.363763809940776
14.322713936407942
14.281825565279359
14.24109792041372
14.200530230241025
14.160121727729601
14.119871650353508
14.079779240060557
14.039843743240084
14.000064410691449
13.960440497592403
13.9209712634682
13.881655972160459
13.84249389179684
13.803484294760397
13.764626457659677
13.725919661298809
13.687363190647947
13.648956334813805
13.61069838701088
13.572588644532262
13.534626408721321
13.496810984943227
13.459141682556737
13.421617814886533
13.384238699195482
13.347003656657147
13.309912012328846
13.272963095124299
13.23615623778731
13.199490776864991
13.16296605268167
13.126581409312683
13.09033619455856
13.05422975991939
13.018261460569423
12.982430655331823
12.946736706653772
12.911178980581472
12.87575684673561
12.840469678287068
12.805316851932725
12.770297747871322
12.735411749779702
12.700658244789413
12.666036623462883
12.631546279770587
12.597186611067853
12.562957018071916
12.528856904839463
12.494885678743938
12.461042750453421
12.427327533908349
12.393739446299763
12.360277908047339
12.326942342777997
12.293732177304252
12.260646841603148
12.227685768795146
12.194848395123149
12.162134159931785
12.129542505646869
12.097072877754977
12.064724724783124
12.032497498278719
12.000390652789694
11.968403645844628
11.936535937933169
11.904786992486502
11.873156275858161
11.84164325730477
11.810247408967005
11.778968205850859
11.747805125808776
11.716757649521202
11.685825260478035
11.655007444960491
11.62430369202281
11.593713493474366
11.563236343861785
11.532871740451167
11.50261918321046
11.472478174792238
11.442448220516122
11.412528828351734
11.382719508901605
11.353019775384244
11.323429143617394
11.293947132001373
11.264573261502406
11.235307055636403
11.206148040452558
11.177095744517194
11.148149698897777
11.119309437146965
11.090574495286734
11.061944411792908
11.033418727579308
11.004996985982647
10.976678732746919
10.948463516008388
10.920350886280279
10.89234039643803
10.864431601704295
10.836624059634136
10.80891733010057
10.781310975279768
10.75380455963681
10.72639764991135
10.699089815103276
10.671880626458742
10.64476965745601
10.617756483791732
10.590840683366995
10.564021836273676
10.537299524780869
10.510673333321337
10.484142848478156
10.45770765897131
10.431367355644738
10.405121531452872
10.378969781447969
10.352911702766932
10.326946894618697
10.30107495827129
10.275295497039409
10.249608116271716
10.224012423338518
10.198508027619246
10.173094540490302
10.14777157531289
10.122538747420819
10.097395674108524
10.072341974619281
10.0473772701331
10.022501183755267
9.997713340504486
9.973013367301254
9.948400892956625
9.923875548160535
9.899436965470537
9.875084779300574
9.850818625909776
9.826638143391367
9.802542971661738
9.778532752449356
9.75460712928391
9.730765747485666
9.707008254154685
9.683334298160121
9.659743530129763
9.636235602439537
9.612810169202948
9.589466886261045
9.566205411171884
9.543025403200385
9.519926523308309
9.496908434144116
9.473970800033038
9.451113286967209
9.428335562595688
9.405637296214767
9.3830181587583
9.360477822787972
9.338015962483885
9.315632253634798
9.29332637362898
9.271098001444622
9.248946817640613
9.226872504347316
9.204874745257305
9.182953225616378
9.161107632214348
9.13933765337614
9.117642978952848
9.096023300312865
9.074478310333102
9.053007703390128
9.03161117535161
9.010288423567607
8.98903914686203
8.967863045524094
8.946759821299946
8.925729177384166
8.90477081841142
8.883884450448319
8.863069780985029
8.842326518927157
8.821654374587663
8.801053059678766
8.780522287303926
8.760061771949905
8.739671229478867
8.71935037712054
8.699098933464347
8.678916618451751
8.65880315336854
8.638758260837164
8.618781664809157
8.598873090557566
8.57903226466953
8.559258915038791
8.539552770858297
8.519913562612915
8.500341022072076
8.480834882282519
8.46139487756123
8.44202074348809
8.422712216898953
8.403469035878507
8.384290939753223
8.3651776690845
8.346128965661686
8.327144572495191
8.30822423380968
8.28936769503734
8.270574702811041
8.251845004957785
8.2331783504919
8.214574489608529
8.196033173677082
8.177554155234601
8.159137187979422
8.140782026764679
8.122488427591875
8.104256147604582
8.086084945082122
8.067974579433265
8.049924811190007
8.031935402001482
8.01400611462756
7.996136712933094
7.978326961881502
7.960576627528947
7.9428854770183
7.925253278573137
7.907679801491883
7.890164816141881
7.872708093953601
7.855309407414772
7.8379685300647
7.820685236488432
7.8034593023111976
7.7862905041926
7.769178619821148
7.752123427908515
7.735124708184077
7.718182241389486
7.7012958092729225
7.684465194583971
7.6676901810680125
7.6509705534608115
7.634306097483348
7.617696599836388
7.6011418481951685
7.584641631204312
7.568195738472473
7.551803960567169
7.535466089009788
7.519181916270232
7.502951235762076
7.4867738418373575
7.470649529781598
7.454578095808905
7.4385593370568275
7.422593051581641
7.406679038353332
7.390817097250783
7.375007029056858
7.35924863545374
7.343541719018023
7.327886083216039
7.312281532399112
7.296727871798929
7.281224907522833
7.2657724465491444
7.250370296722702
7.23501826675018
7.219716166195565
7.204463805475716
7.189260995855716
7.17410754944458
7.159003279190741
7.143947998877612
7.12894152311934
7.11398366735624
7.0990742478507824
7.084213081682905
7.0693999867460935
7.054634781742884
7.039917286180848
7.025247320368158
7.010624705409698
6.996049263202651
6.981520816432558
6.967039188569147
6.952604203862303
6.938215687338018
6.923873464794288
6.9095773627972665
6.89532720867715
6.881122830524275
6.866964057185266
6.852850718259049
6.83878264409296
6.824759665778979
6.810781615149847
6.796848324775228
6.782959627957936
6.769115358730241
6.755315351850048
6.741559442797244
6.727847467769846
6.714179263680623
6.70055466815313
6.686973519518249
6.673435656810542
6.659940919764671
6.646489148811829
6.633080185076156
6.6197138703712834
6.606390047196756
6.593108558734654
6.579869248845974
6.566671962067313
6.553516543607449
6.5404028393438125
6.5273306958192965
6.514299960238681
6.501310480465494
6.488362105018523
6.475454683068583
6.462588064435292
6.449762099583684
6.436976639621082
6.424231536293769
6.411526641983769
6.398861809705863
6.386236893104143
6.373651746449013
6.361106224634095
6.348600183172929
6.336133478196069
6.323705966447913
6.311317505283645
6.298967952666196
6.2866571671632645
6.274385007944157
6.262151334777021
6.249956008025683
6.237798888646766
6.225679838186758
6.213598718779045
6.201555393141085
6.189549724571413
6.1775815769468565
6.165650814719576
6.1537573029144115
6.141900907125786
6.130081493515187
6.118298928808117
6.1065530802915
6.0948438158108305
6.083171003767449
6.07153451311587
6.059934213360946
6.0483699745552775
6.036841667296455
6.025349162724481
6.013892332519014
6.002471048896813
5.991085184609062
5.979734612938763
5.968419207698239
5.957138843226347
5.945893394386187
5.934682736562323
5.923506745658373
5.912365298094403
5.901258270804543
5.89018554123436
5.879146987338408
5.868142487577889
5.857171920918039
5.846235166825768
5.835332105267229
5.824462616705416
5.813626582097744
5.802823882893683
5.792054401032361
5.78131801894026
5.770614619528821
5.759944086192173
5.749306302804705
5.73870115371887
5.728128523762857
5.717588298238312
5.70708036291806
5.696604604043875
5.686160908324207
5.675749162931946
5.665369255502239
5.655021074130301
5.644704507369183
5.634419444227611
5.624165774167742
5.613943387103176
5.603752173396608
5.593592023857868
5.5834628297417215
5.573364482745714
5.563296875008198
5.5532598991061075
5.543253448052954
5.533277415296814
5.52333169471815
5.513416180627906
5.503530767765357
5.493675351296112
5.4838498268102445
5.47405409032008
5.464288038258357
5.454551567476215
5.444844575241192
5.435166959235334
5.425518617553209
5.415899448699963
5.406309351589444
5.396748225542291
5.387215970283906
5.377712485942745
5.368237673048319
5.358791432529392
5.349373665711988
5.339984274317767
5.3306231604619265
5.321290226651541
5.311985375783737
5.302708511143765
5.293459536403298
5.2842383556186
5.275044873228786
5.265878994053956
5.2567406232935365
5.247629666524488
5.23854602969947
5.229489619145279
5.220460341560991
5.211458104016233
5.202482813949607
5.193534379166877
5.184612707839243
5.175717708501827
5.166849290051823
5.1580073617469395
5.149191833203701
5.140402614395827
5.131639615652557
5.12290274765706
5.114191921444793
5.105507048401949
5.0968480402637235
5.08821480911285
5.079607267377925
5.071025327831911
5.062468903590462
5.0539379081105125
5.045432255188529
5.036951858959119
5.02849663389349
5.02006649479781
5.011661356811806
5.003281135407134
4.994925746386009
4.986595105879559
4.978289130346485
4.970007736571463
4.961750841663734
4.953518363055609
4.945310218501014
4.937126326074044
4.928966604167568
4.920830971491684
4.912719347072356
4.904631650250009
4.89656780067809
4.888527718321646
4.880511323456017
4.872518536665258
4.86454927884095
4.856603471180729
4.848681035186874
4.840781892665042
4.8329059657228655
4.825053176768605
4.817223448509758
4.809416703951809
4.801632866396872
4.7938718594423095
4.786133606979526
4.778418033192536
4.770725062556762
4.763054619837679
4.755406630089588
4.747781018654272
4.740177711159704
4.732596633518844
4.725037711928415
4.717500872867491
4.7099860430963725
4.702493149655315
4.695022119863265
4.687572881316657
4.680145361888205
4.672739489725626
4.665355193250499
4.657992401156986
4.650651042410685
4.643331046247462
4.6360323421721485
4.628754859957442
4.6214985296427855
4.614263281533103
4.607049046197621
4.599855754468828
4.592683337441184
4.585531726470068
4.578400853170635
4.571290649416574
4.564201047339181
4.557131979325995
4.550083378019882
4.543055176317786
4.5360473073697
4.529059704577521
4.522092301594019
4.515145032321682
4.508217830911604
4.5013106317624905
4.494423369519579
4.48755597907346
4.48070839555913
4.473880554354923
4.467072391081381
4.46028384160028
4.453514842013527
4.446765328662219
4.4400352381254855
4.433324507219567
4.426633072996719
4.419960872744263
4.413307843983495
4.406673924468781
4.400059052186423
4.393463165353784
4.386886202418238
4.380328102056175
4.3737888031720695
4.367268244897443
4.360766366589907
4.354283107832264
4.347818408431394
4.341372208417465
4.334944448042888
4.328535067781332
4.322144008326907
4.315771210593076
4.309416615711826
4.303080165032692
4.2967618001218595
4.29046146276122
4.2841790949474285
4.277914638891065
4.271668037015642
4.265439231956756
4.259228166561171
4.253034783885952
4.2468590271975115
4.240700839970772
4.234560165888275
4.228436948839303
4.222331132918991
4.216242662427484
4.2101714818690565
4.204117535951232
4.198080769583965
4.192061127878751
4.186058556147854
4.180072999903318
4.17410440485629
4.168152716916048
4.162217882189254
4.156299846979148
4.150398557784582
4.144513961299351
4.138646004411339
4.132794634201663
4.126959797943848
4.121141443103122
4.11533951733552
4.109553968487142
4.103784744593349
4.098031793877937
4.092295064752405
4.086574505815128
4.080870065850598
4.075181693828692
4.0695093389037895
4.063852950414156
4.058212477881021
4.052587871007952
4.046979079680038
4.041386053963103
4.03580874410302
4.030247100524961
4.024701073832621
4.0191706148074475
4.0136556744080325
4.008156203769241
4.002672154201577
3.9972034771904106
3.991750124395268
3.986312047649105
3.9808891989576343
3.975481530498534
3.970088994620887
3.964711543844249
3.9593491308581776
3.954001708521389
3.9486692298611605
3.9433516480725346
3.9380489165176766
3.9327609887252555
3.9274878183896824
3.92222935937043
3.9169855656913906
3.9117563915402447
3.9065417912676703
3.901341719386818
3.896156130572534
3.8909849796607525
3.885828221647876
3.8806858116900207
3.875557705102454
3.8704438573589566
3.8653442240910687
3.8602587610875747
3.8551874242937747
3.850130169810923
3.845086953895553
3.8400577329587704
3.8350424635658444
3.830041102435366
3.825053606438691
3.8200799325993957
3.815120038092574
3.8101738802442853
3.805241416530882
3.800322604578452
3.7954174021622267
3.790525767205943
3.785647657781218
3.78078303210703
3.775931848549104
3.771094065619247
3.766269641974877
3.761458536418356
3.7566607078964482
3.7518761154996865
3.747104718461881
3.74234647615947
3.7376013481110006
3.732869293976507
3.728150273556994
3.72344424679385
3.718751173768298
3.71407101470081
3.709403729950573
3.7047492800149415
3.7001076255288936
3.695478727264426
3.6908625461300812
3.6862590431703652
3.681668179565201
3.6770899166294226
3.6725242158121794
3.667971038696497
3.66343034699865
3.6589021025676973
3.654386267384928
3.6498828035633126
3.6453916733470715
3.64091283911104
3.6364462633602277
3.631991908729264
3.627549737981958
3.62311971401068
3.618701799835925
3.614295958605831
3.6099021535955673
3.605520348206928
3.601150505967844
3.5967925905318117
3.592446565677435
3.5881123953079888
3.5837900434508247
3.5794794742569365
3.57518065200052
3.570893541078383
3.5666181060095554
3.562354311434802
3.5581021221161007
3.553861502936173
3.5496324188980943
3.545414835124674
3.54120871685813
3.537014029459564
3.5328307384084643
3.5286588093023172
3.5244982078560816
3.520348899901763
3.516210851387949
3.512084028379367
3.5079683970564353
3.5038639237147913
3.4997705747648267
3.4956883167313006
3.4916171162528684
3.487556940081621
3.48350775508264
3.4794695282336296
3.4754422266243914
3.471425817456457
3.467420268042553
3.463425545806362
3.4594416182819137
3.4554684531131814
3.4515060180537804
3.4475542809663913
3.4436132098224683
3.439682772701755
3.435762937791832
3.4318536733877663
3.427954947891682
3.424066729812344
3.420188987764742
3.4163216904696734
3.4124648067533285
3.4086183055469874
3.404782155886477
3.400956326911808
3.3971407878668556
3.3933355080988603
3.389540457058105
3.385755604297454
3.3819809194720323
3.378216372338777
3.3744619327560863
3.3707175706834014
3.366983256180848
3.363258959408836
3.3595446506276763
3.3558403001972295
3.3521458785764757
3.3484613563231562
3.3447867040934467
3.3411218926415116
3.337466892819173
3.3338216755755177
3.3301862119565486
3.3265604731048177
3.3229444302590245
3.319338054753689
3.3157413180187776
3.3121541915793578
3.308576647055214
3.305008656160451
3.3014501907032434
3.297901222585358
3.294361723801959
3.2908316664410506
3.2873110226833058
3.2837997648016115
3.2802978651607715
3.27680529621714
3.273322030518258
3.2698480407025805
3.266383299499047
3.2629277797268026
3.25948145429483
3.2560442962016105
3.252616278534824
3.2491973744709357
3.245787557274979
3.2423868003001473
3.238995076987422
3.235612360865366
3.232238625549708
3.2288738447430054
3.2255179922343915
3.2221710418991707
3.2188329676985887
3.2155037436794265
3.212183343973737
3.2088717427984634
3.2055689144552155
3.202274833329873
3.198989473892328
3.195712810696121
3.1924448183781697
3.1891854716584453
3.1859347453396656
3.18269261430698
3.179459053527669
3.176234038050849
3.1730175430071412
3.1698095436084346
3.1666100151474694
3.163418932997668
3.1602362726127318
3.1570620095264377
3.1538961193522606
3.15073857778308
3.147589360590991
3.144448443626881
3.1413158028202175
3.1381914141787184
3.135075253788141
3.131967297811861
3.1288675224906846
3.1257759041425763
3.1226924191623153
3.119617044021225
3.1165497552669175
3.113490529523007
3.1104393434887996
3.107396173939075
3.104360997723738
3.1013337917676083
3.0983145330700976
3.09530319870498
3.0922997658200564
3.0893042116369633
3.0863165134508614
3.083336648630143
3.0803645946161944
3.077400328923134
3.0744438291375618
3.0714950729182107
3.0685540379957907
3.0656207021726893
3.062695043322642
3.059777039390609
3.0568666683923693
3.053963908414368
3.051068737613435
3.0481811342164926
3.045301076520335
3.0424285428913707
3.0395635117653477
3.036705961647141
3.0338558711104704
3.0310132187976713
3.0281779834194142
3.0253501437545167
3.0225296786496396
3.019716567019043
3.016910787844399
3.0141123201744504
3.0113211431249054
3.008537235878072
3.005760577682667
3.0029911478535967
3.000228925771664
2.9974738908834078
2.994726022700752
2.9919853008009043
2.9892517048260325
2.9865252144830596
2.983805809543409
2.981093469842817
2.9783881752810752
2.975689905821787
2.9729986414921195
2.9703143623826853
2.9676370486471813
2.964966680502249
2.9623032382271943
2.959646702163814
2.9569970527161478
2.954354270350236
2.951718335593927
2.949089229036647
2.9464669313291947
2.943851423183496
2.941242685372383
2.938640698729421
2.9360454441486468
2.93345690258437
2.9308750550509717
2.9282998826226665
2.9257313664333
2.923169487676127
2.92061422760365
2.918065567527321
2.9155234888174277
2.912987972902776
2.910459001270606
2.907936555466315
2.9054206170932253
2.9029111678124475
2.9004081893426203
2.897911663459731
2.8954215719969016
2.8929378968442654
2.8904606199486067
2.887989723313298
2.885525188998012
2.883066999118628
2.880615135846909
2.878169581410394
2.875730318092184
2.8732973282306995
2.870870594219551
2.8684500985072896
2.8660358235972576
2.8636277520473854
2.861225866469972
2.858830149531515
2.856440583952529
2.8540571525073406
2.8516798380239003
2.8493086233836116
2.8469434915211345
2.8445844254241908
2.8422314081333506
2.839884422741935
2.8375434523957432
2.8352084802929265
2.8328794896837595
2.8305564638704657
2.828239386207102
2.825928240099281
2.8236230090040735
2.8213236764297625
2.8190302259357156
2.81674264113214
2.814460905680018
2.8121850032908453
2.8099149177264295
2.8076506327987962
2.8053921323699877
2.803139400351874
2.800892420705964
2.7986511774432534
2.7964156546240906
2.794185836357945
2.7919617068032556
2.7897432501672887
2.7875304507059075
2.785323292723476
2.783121760572658
2.7809258386542277
2.778735511416968
2.7765507633574162
2.774371579019767
2.7721979429956773
2.770029839924136
2.7678672544912457
2.765710171430119
2.763558575520667
2.7614124515894645
2.7592717845095747
2.7571365592004513
2.7550067606276505
2.752882373802802
2.750763383783388
2.7486497756725607
2.746541534619079
2.744438645817041
2.742341094505814
2.740248865969817
2.7381619455384225
2.7360803185857434
2.734003970530579
2.7319328868360917
2.7298670530098454
2.7278064546035017
2.725751077212788
2.723700906477265
2.7216559280802137
2.7196161277484463
2.717581491252223
2.7155520044050703
2.71352765306361
2.711508423127438
2.7094943005389953
2.707485271283382
2.7054813213882385
2.7034824369235926
2.7014886040016894
2.6994998087769275
2.6975160374456215
2.695537276245927
2.693563511457641
2.691594729402135
2.6896309164421184
2.6876720589816037
2.6857181434656936
2.6837691563804245
2.681825084252739
2.6798859136502027
2.6779516311809948
2.6760222234936566
2.674097677277079
2.6721779792602462
2.6702631162121806
2.668353074941759
2.666447842297626
2.6645474051680185
2.6626517504806424
2.6607608652025614
2.658874736340021
2.656993350938375
2.655116696081912
2.6532447588937145
2.651377526535569
2.649514986207795
2.647657125149156
2.645803930636718
2.643955389985682
2.6421114905493064
2.64027221971876
2.6384375649229677
2.6366075136285607
2.6347820533396806
2.6329611715978287
2.631144855981867
2.629333094107732
2.627525873628463
2.6257231822339344
2.6239250076508647
2.622131337642597
2.6203421600090175
2.6185574625864434
2.6167772332474817
2.615001459900899
2.6132301304915124
2.611463233000091
2.609700755443216
2.6079426858731476
2.6061890123777274
2.6044397230802523
2.602694806139375
2.6009542497489337
2.599218042137916
2.597486171570242
2.5957586263447525
2.594035394795021
2.5923164652892607
2.5906018262302086
2.588891466055035
2.587185373235196
2.585483536276313
2.5837859437180883
2.582092584134197
2.580403446132148
2.5787185183531696
2.577037789472133
2.575361248197393
2.5736888832707634
2.5720206834672856
2.5703566375952107
2.5686967344958433
2.5670409630434667
2.56538931214521
2.5637417707409518
2.562098327803208
2.560458972337
2.5588236933798214
2.5571924800014156
2.555565321303792
2.5539422064210386
2.5523231245192544
2.5507080647964138
2.5490970164823126
2.5474899688383745
2.54588691115764
2.5442878327646485
2.542692723015275
2.541101571296678
2.5395143670271665
2.537931099656185
2.536351758664032
2.5347763335619713
2.5332048138919716
2.5316371892266667
2.530073449169303
2.528513583353521
2.526957581443353
2.5254054331331184
2.5238571281472812
2.522312656240352
2.520772007196843
2.5192351708310987
2.5177021369872987
2.5161728955392384
2.514647436390335
2.5131257494734385
2.511607824750872
2.510093652214183
2.5085832218841313
2.5070765238105857
2.5055735480724097
2.504074284777403
2.502578724062196
2.501086856092091
2.4995986710610767
2.4981141591916547
2.4966333107347984
2.495156115969821
2.493682565204311
2.49221264877402
2.4907463570427786
2.4892836804024343
2.4878246092727125
2.486369134101157
2.484917245363024
2.4834689335612254
2.4820241892261983
2.4805830029158296
2.479145365215371
2.477711266737373
2.4762806981215504
2.4748536500347478
2.4734301131708034
2.4720100782504817
2.4705935360214015
2.4691804772579147
2.4677708927610835
2.4663647733585
2.4649621099043144
2.463562893279031
2.462167114389512
2.460774764168875
2.459385833576377
2.458000313597348
2.4566181952431307
2.455239469550968
2.453864127583921
2.452492160430798
2.451123559206078
2.4497583150498032
2.4483964191275427
2.44703786263021
2.4456826367741695
2.4443307328009447
2.4429821419772524
2.441636855594937
2.440294864970807
2.4389561614466566
2.437620736389086
2.436288581189487
2.4349596872639845
2.433634046053254
2.432311649022551
2.4309924876615985
2.4296765534844575
2.4283638380295605
2.42705433285952
2.4257480295611122
2.424444919745201
2.4231449950466257
2.421848247124163
2.4205546676604386
2.4192642483618445
2.4179769809584593
2.41669285720401
2.4154118688757342
2.4141340077743565
2.412859265724017
2.411587634572149
2.4103191061894336
2.409053672469772
2.40779132533013
2.4065320567105117
2.405275858573863
2.4040227229060442
2.40277264171571
2.4015256070342694
2.4002816109157723
2.399040645436906
2.3978027026968496
2.3965677748172465
2.3953358539421328
2.394106932237861
2.39288100189303
2.391658055118382
2.3904380841468016
2.3892210812331873
2.3880070386544174
2.386795948709246
2.3855878037182827
2.384382596023882
2.3831803179900946
2.381980962002584
2.3807845204685667
2.379590985816788
2.3784003504973557
2.377212606981775
2.3760277477628327
2.374845765354511
2.373666652291958
2.372490401131414
2.3713170044501815
2.370146454846449
2.368978744939327
2.3678138673687528
2.366651814795438
2.3654925799007644
2.3643361553867694
2.363182533976033
2.3620317084116773
2.360883671457223
2.3597384158965675
2.35859593453397
2.357456220193891
2.356319265721004
2.3551850639800698
2.3540536078559633
2.3529248902535103
2.351798904097493
2.350675642332583
2.3495550979232567
2.3484372638537176
2.34732213312788
2.346209698769308
2.3450999538210837
2.3439928913458488
2.3428885044256673
2.341786786162
2.3406877296756186
2.3395913281065703
2.3384975746141303
2.337406462376684
2.336317984591737
2.335232134475823
2.3341489052644477
2.3330682902120055
2.3319902825917778
2.3309148756958264
2.32984206283496
2.3287718373386626
2.3277041925550286
2.326639121850758
2.3255766186110165
2.324516676239449
2.3234592881580904
2.3224044478073034
2.3213521486457513
2.320302384150305
2.3192551478160146
2.3182104331560516
2.3171682337016373
2.316128543001991
2.31509135462429
2.314056662153615
2.3130244591928677
2.311994739362737
2.310967496301626
2.3099427236656536
2.308920415128523
2.307900564381519
2.3068831651334394
2.3058682111105346
2.30485569605646
2.3038456137322396
2.3028379579161893
2.301832722403859
2.3008299010080107
2.2998294875585343
2.298831475902451
2.2978358599037243
2.2968426334434175
2.2958517904194613
2.294863324746668
2.2938772303566988
2.292893501198009
2.2919121312357396
2.2909331144517435
2.289956444844495
2.288982116429033
2.2880101232369325
2.287040459316262
2.2860731187314545
2.2851080955633942
2.284145383909244
2.2831849778824616
2.2822268716127065
2.2812710592458623
2.2803175349439075
2.279366292884905
2.2784173272629595
2.27747063228814
2.2765262021864685
2.2755840311998514
2.2746441135860374
2.273706443618525
2.272771015586622
2.271837823795271
2.2709068625651097
2.2699781262323326
2.2690516091487245
2.2681273056815625
2.2672052102135587
2.266285317142892
2.2653676208830547
2.264452115862881
2.2635387965265
2.2626276573332205
2.2617186927575754
2.260811897289218
2.2599072654328984
2.259004791708399
2.2581044706505145
2.2572062968090045
2.2563102647485023
2.2554163690485374
2.2545246043034655
2.2536349651223895
2.2527474461291708
2.2518620419623514
2.2509787472751057
2.2500975567352106
2.2492184650250158
2.248341466841361
2.2474665568955867
2.2465937299134113
2.2457229806349828
2.244854303814756
2.2439876942215125
2.243123146638247
2.24226065586219
2.2414002167047498
2.2405418239914545
2.2396854725619084
2.23883115726975
2.237978872982636
2.2371286145821765
2.236280376963913
2.23543415503722
2.234589943725354
2.233747737965339
2.232907532707931
2.2320693229176487
2.2312331035726345
2.2303988696647026
2.22956661619921
2.2287363381950867
2.2279080306847643
2.227081688714164
2.226257307342603
2.225434881642792
2.224614406700815
2.223795877616036
2.2229792895011085
2.222164637481899
2.221351916697478
2.220541122300067
2.2197322494549803
2.218925293340645
2.2181202491484697
2.2173171120829047
2.216515877361341
2.2157165402141006
2.2149190958843623
2.214123539628164
2.213329866714356
2.2125380724245294
2.2117481520530595
2.210960100906945
2.210173914305883
2.2093895875821827
2.2086071160807075
2.2078264951589115
2.2070477201867087
2.2062707865465185
2.2054956896331537
2.2047224248538613
2.2039509876282186
2.203181373388157
2.202413577577859
2.2016475956537986
2.2008834230846
2.2001210553511408
2.199360487946388
2.1986017163754576
2.1978447361554942
2.197089542815712
2.196336131897302
2.19558449895344
2.194834639549218
2.194086549261633
2.1933402236795434
2.1925956584036297
2.191852849046366
2.1911117912319757
2.1903724805964018
2.189634912787303
2.1888990834639563
