281.5478302478254
212.59749607482078
182.11991979250863
159.51538833367292
141.77140754209773
127.50375374584549
115.77522530335968
105.94147154252882
97.55538157408091
90.30081872252661
83.94928099625743
78.33193922453704
73.32143297141644
68.81981431702205
64.75040770293373
61.05220725533373
57.67594924764491
54.581310954827764
51.734880289439744
49.108661622960504
46.67896038441187
44.42553912751043
42.33097081610541
40.380137232528796
38.55983547784508
36.858465915871854
35.26578216053498
33.772688826041936
32.3710764171083
31.053685377616002
29.813993242572426
28.64612025708699
27.54474988075381
26.505061386783634
25.522672363490035
24.59358938199008
23.714165444712453
22.88106310100487
22.091222328179676
21.341832443029098
20.630307440796308
19.954264263758805
19.311503585950216
18.69999276866241
18.11785069670047
17.56333425057413
17.034826206962677
16.530824390490054
16.049931925347337
15.590848456588686
15.152362228786625
14.733342924782521
14.332735180010063
13.94955269869909
13.582872907511021
13.231832090075553
12.89562095270794
12.57348057746062
12.264698723748344
11.968606444201363
11.684574984247067
11.412012938277847
11.150363638204034
10.899102752771443
10.657736078294231
10.42579750345714
10.202847132610641
9.988469553551026
9.782272237168238
9.583884057580976
9.392953922480334
9.209149504385767
9.032156064394963
8.861675360795264
8.697424635608842
8.53913567277527
8.38655392224399
8.239437684760235
8.097557352588943
7.96069470183663
7.828642232407396
7.701202551968133
7.57818780060609
7.459419113140375
7.344726116301744
7.233946458225205
7.126925367907839
7.023515242474838
6.923575260270051
6.826971017943842
6.733574189856354
6.643262208244926
6.555917962724482
6.471429517800039
6.38968984717062
6.310596583696292
6.234051783984204
6.1599617066276275
6.088236603202296
6.0187905211906285
5.9515411180641005
5.886409485809309
5.823319985234614
5.762200089440824
5.702980235882919
5.645593686489729
5.589976395345179
5.53606688346916
5.483806120267156
5.433137411247208
5.384006291629645
5.336360425499849
5.290149510177796
5.245325185499128
5.2018409477227685
5.159652067798401
5.118715513744192
5.078989876901365
5.040435301846577
5.003013419757402
4.966687285038527
4.9314213150283726
4.897181232617353
4.863934011618536
4.831647824741948
4.800291994032308
4.7698369436384915
4.740254154790923
4.711516122870414
4.683596316458902
4.656469138268578
4.630109887852678
4.604494726005834
4.579600640767925
4.555405414950019
4.53188759510534
4.50902646187323
4.4868020016270505
4.465194879362058
4.4441864127617725
4.423758547385248
4.403893832920778
4.384575400454347
4.365786940704206
4.347512683174993
4.329737376188301
4.3124462677476405
4.295625087199005
4.279260027649703
4.263337729110354
4.247845262326361
4.232770113267547
4.21810016824569
4.203823699631271
4.189929352142797
4.176406129682449
4.163243382694088
4.15043079601999
4.137958377234645
4.125816445434223
4.113995620462124
4.102486812551449
4.091281212366271
4.080370281424697
4.069745742887211
4.059399572694726
4.049323991041709
4.0395114541698245
4.029954646469024
4.020646472873013
4.011580051536921
4.002748706785402
3.994145962320142
3.985765534676093
3.97760132691617
3.9696474225549476
3.961898079701818
3.95434772541504
3.946990950258121
3.9398225030503533
3.9328372858040344
3.926030348840735
3.91939688607986
3.9129322304923995
3.9066318497138375
3.9004913418096967
3.894506431187958
3.888672964652784
3.882986907593981
3.8774443403071146
3.8720414544393074
3.8667745495559154
3.8616400298236133
3.856634400805456
3.851754266363736
3.8469963256666873
3.842357370295138
3.837834281445393
3.833424027224908
3.8291236600373173
0.3199,-0.9329,0.7911,-0.6704,